qd = [0.3, -0.1, 0.1];
Kp = diag([400 380 250]);
Kd = diag([30 40 15]);